34
6 18 20 14 21 6 16 9 22 13 19 21 17 20 8 16 21 21 17 23 22 13 17 4 10 6 4 16 10 9 10 12 1 3 
14 21 11 19 5 21 1 2 17 18 11 6 22 5 18 10 18 9 11 3 8 3 22 5 22 13 20 11 6 16 6 23 8 1 
22 1 12 3 17 7 4 8 6 4 22 15 22 21 1 20 23 18 13 23 7 6 21 5 13 21 3 13 3 3 13 11 23 19 
17 4 21 8 15 5 9 2 7 10 22 2 2 17 17 8 15 20 8 8 1 1 11 4 6 8 15 6 1 23 5 5 10 9 
16 19 6 20 11 11 15 19 10 9 3 8 8 14 6 4 10 3 16 22 11 23 17 12 16 19 10 21 22 7 6 12 13 14 
5 19 10 20 9 14 15 16 1 9 16 4 10 6 2 3 1 20 10 13 6 8 17 19 17 14 2 2 17 12 8 13 5 14 
13 9 8 3 5 4 15 19 14 7 23 7 17 10 8 10 15 3 18 4 17 13 4 16 7 16 22 11 12 8 14 7 3 18 
23 10 23 17 19 21 6 17 5 20 22 16 2 7 5 4 18 17 5 4 9 15 1 18 11 22 21 14 4 13 7 16 2 16 
8 3 5 7 1 21 21 11 21 13 13 13 9 17 10 19 13 23 5 6 12 18 11 7 1 6 23 23 10 6 3 19 17 13 
21 23 13 10 9 19 18 12 10 11 21 11 19 19 20 11 4 13 19 3 16 1 17 15 1 10 15 6 17 17 22 3 13 8 
13 22 8 23 14 15 19 19 6 18 9 19 3 17 7 11 5 11 3 11 20 6 15 17 10 1 23 16 14 10 11 3 19 1 
1 18 19 12 2 3 16 9 2 9 20 18 3 10 12 20 9 15 4 23 17 23 12 3 14 9 1 7 20 10 14 1 6 19 
13 17 20 10 7 3 4 19 19 12 21 11 5 17 2 14 15 11 3 15 12 19 16 4 16 19 21 10 1 8 13 23 7 15 
4 1 4 7 8 19 23 10 14 8 21 22 7 15 13 4 13 3 11 21 21 5 10 10 22 9 15 7 22 9 21 19 17 2 
21 22 6 13 9 1 9 20 22 17 12 11 23 23 16 19 6 8 22 12 13 6 20 17 21 22 19 20 14 11 12 15 22 23 
4 14 9 4 18 4 8 1 18 7 14 8 13 17 5 4 6 1 14 4 14 1 12 19 15 18 18 19 8 15 5 19 15 21 
11 19 8 11 17 6 18 2 10 20 5 5 19 15 23 12 7 2 9 22 3 18 13 19 11 11 14 22 3 7 2 19 12 19 
4 1 9 22 9 2 22 6 22 21 8 19 18 22 1 8 10 18 20 20 17 9 6 23 6 18 14 3 15 16 4 21 23 17 
19 14 6 18 16 1 1 16 14 15 4 9 8 9 9 19 1 10 11 9 23 18 9 3 23 3 8 20 17 11 2 4 17 9 
18 16 7 9 8 7 5 8 19 22 1 16 19 18 16 16 16 3 10 18 20 3 4 6 22 15 18 2 3 4 16 22 4 14 
8 5 2 17 2 19 10 10 12 9 13 17 21 13 1 8 19 5 6 15 19 8 18 8 22 2 2 4 22 10 17 18 14 5 
11 1 21 22 9 7 5 18 10 21 23 23 19 23 10 9 3 4 6 5 5 1 2 19 20 7 11 9 16 11 21 19 20 11 
1 18 11 17 11 5 16 9 1 3 7 1 22 15 21 13 1 9 6 3 2 20 2 6 6 22 2 7 8 4 19 18 8 12 
10 18 22 17 15 4 14 5 9 17 4 20 4 12 20 23 16 18 9 15 15 20 16 6 4 17 20 4 10 18 22 10 10 10 
5 2 7 2 1 6 13 10 14 19 22 2 21 9 21 8 12 1 20 22 2 14 13 10 21 14 10 2 7 21 1 19 17 9 
14 20 13 17 14 19 6 7 8 2 9 21 23 23 18 12 10 1 18 18 3 18 3 11 10 21 15 13 5 2 6 2 18 14 
5 13 21 10 6 5 17 8 16 18 13 11 20 3 19 15 17 18 17 19 11 18 22 15 14 6 6 6 2 12 17 11 13 10 
8 1 22 15 6 9 7 8 9 2 1 19 20 23 8 14 18 19 21 11 9 20 5 10 20 4 4 20 21 8 16 1 18 7 
7 4 3 1 16 17 13 8 4 10 21 5 13 7 1 4 21 12 22 22 20 13 23 7 9 17 16 15 20 14 19 12 11 7 
6 22 23 12 18 6 1 1 17 17 18 20 19 6 16 6 12 5 16 15 11 2 14 21 6 21 18 11 6 4 20 20 16 7 
8 13 2 9 3 5 2 23 2 18 17 11 9 18 21 17 15 14 23 2 8 17 11 21 16 22 18 23 18 18 5 14 21 2 
12 14 14 23 14 10 13 11 3 21 22 6 11 6 23 20 13 12 14 5 18 12 23 9 23 23 2 6 23 2 1 23 22 20 
15 15 12 10 9 8 18 3 20 21 13 18 4 3 2 8 20 12 14 7 1 2 5 7 11 14 21 5 17 15 22 4 21 19 
17 16 8 15 11 2 22 6 11 12 21 10 9 5 8 4 9 17 23 18 6 13 8 22 1 22 19 19 18 1 18 13 19 22 
